time (s)	energy (uJ)	charge (mC)	voltage (mV)	crossing#mod 255
3218.478082	25.824984	7.747634	3.333273	153
3219.510285	27.829868	7.770045	3.581687	154
3220.511487	25.867184	7.761943	3.332566	155
3221.542667	27.919449	7.777618	3.589717	156
3222.544369	26.669680	7.747812	3.442221	157
3223.575818	27.789646	7.774437	3.574490	158
3224.579479	27.925684	7.779711	3.589553	159
3225.609220	28.176228	7.765995	3.628155	160
3226.614999	29.098515	7.780614	3.739874	161
3227.644796	28.154444	7.772088	3.622507	162
3228.651415	29.447887	7.771018	3.789451	163
3229.680913	27.708265	7.756657	3.572192	164
3230.689540	29.206383	7.745504	3.770753	165
3231.717764	28.363791	7.768910	3.650936	166
3232.726718	29.095646	7.777756	3.740880	167
3233.764989	29.181461	7.760149	3.760426	168
3234.764654	29.180571	7.768821	3.756113	169
3235.791563	29.417469	7.779248	3.781531	170
3236.802190	29.901251	7.730384	3.868016	171
3237.827747	30.124046	7.763165	3.880382	172
3238.839252	30.795052	7.766706	3.965008	173
3239.864686	30.423519	7.719531	3.941110	174
3240.874824	31.217699	7.759776	4.023015	175
3241.899586	31.202400	7.747661	4.027332	176
3242.908598	31.602436	7.743855	4.080970	177
3243.935160	32.251587	7.746760	4.163236	178
3244.942725	32.216007	7.763827	4.149501	179
3245.969829	31.632992	7.765626	4.073463	180
3246.975909	32.480022	7.770766	4.179771	181
3248.005996	31.360865	7.773983	4.034080	182
3249.011297	32.048801	7.765962	4.126830	183
3250.043735	31.396217	7.757947	4.046975	184
3251.048771	31.902327	7.775278	4.103046	185
3252.083667	32.648453	7.745751	4.215015	186
3253.084776	32.405178	7.767843	4.171709	187
3254.121601	33.563976	7.763256	4.323441	188
3255.136370	32.210564	7.768056	4.146541	189
3256.159288	34.037056	7.753695	4.389785	190
3257.163242	32.176315	7.741512	4.156335	191
3258.195220	33.716049	7.771442	4.338455	192
3259.199624	32.234745	7.762669	4.152534	193
3260.231179	33.696510	7.763139	4.340578	194
3261.234910	32.720371	7.766881	4.212807	195
3262.266003	34.128838	7.756547	4.400004	196
3263.271304	33.249588	7.769516	4.279493	197
3264.311668	34.989944	7.763069	4.507231	198
3265.308218	34.298641	7.769612	4.414460	199
3266.336597	34.651726	7.753467	4.469192	200
3267.344801	34.217999	7.758303	4.410501	201
3268.373541	34.517776	7.758691	4.448918	202
3269.382090	33.546696	7.755866	4.325332	203
3270.410274	34.833328	7.772019	4.481889	204
3271.416525	34.371338	7.759322	4.429684	205
3272.446240	34.349812	7.749233	4.432673	206
3273.452903	33.731903	7.766960	4.342999	207
3274.483055	35.369919	7.762556	4.556479	208
3275.489368	34.173256	7.760301	4.403600	209
3276.519443	35.169392	7.744974	4.540931	210
3277.525485	35.015247	7.749953	4.518124	211
3278.555877	35.869366	7.771424	4.615547	212
3279.561686	35.305763	7.735024	4.564403	213
3280.592467	36.481140	7.756785	4.703126	214
3281.597346	35.404953	7.733605	4.578066	215
3282.628165	36.845837	7.746517	4.756439	216
3283.633536	34.871056	7.756174	4.495909	217
3284.663439	36.968430	7.762701	4.762316	218
3285.668084	35.708321	7.746678	4.609501	219
3286.697142	36.926361	7.733030	4.775148	220
3287.704065	35.962620	7.751157	4.639646	221
3288.733036	36.617760	7.748134	4.726010	222
3289.739909	37.014717	7.754021	4.773616	223
3290.767877	36.981922	7.755099	4.768724	224
3291.776445	37.431343	7.765720	4.820074	225
3292.803252	36.748432	7.757379	4.737223	226
3293.812816	36.985958	7.744792	4.775591	227
3294.839637	36.932098	7.752315	4.764009	228
3295.849391	36.960659	7.745896	4.771644	229
3296.875781	36.750736	7.733202	4.752332	230
3297.887032	36.698860	7.750812	4.734841	231
3298.912300	37.035297	7.739709	4.785102	232
3299.923709	37.401409	7.771288	4.812768	233
3300.948841	37.153622	7.742566	4.798618	234
3301.960266	37.742928	7.768639	4.858371	235
3302.985730	37.373901	7.756493	4.818402	236
3303.995620	37.642849	7.733284	4.867640	237
3305.022127	38.073505	7.739751	4.919216	238
3306.031298	38.297161	7.744020	4.945385	239
3307.057263	37.864597	7.768188	4.874315	240
3308.065892	38.540272	7.765221	4.963191	241
3309.093483	37.882881	7.767189	4.877297	242
3310.102466	38.092541	7.765379	4.905433	243
3311.130537	37.661453	7.767159	4.848806	244
3312.137035	38.376797	7.764003	4.942914	245
3313.167420	38.109905	7.730316	4.929929	246
3314.174270	37.672295	7.736142	4.869649	247
3315.205190	38.667675	7.744060	4.993205	248
3316.209885	37.952927	7.765007	4.887688	249
3317.241729	39.175201	7.765851	5.044548	250
3318.247758	38.019417	7.743701	4.909722	251
3319.279046	38.523403	7.778259	4.952703	252
3320.284283	37.644028	7.742527	4.861982	253
3321.314871	38.804863	7.758429	5.001639	254
3322.321256	37.408127	7.767971	4.815689	255
3323.351353	38.619972	7.761248	4.976000	0
3324.357427	37.005009	7.747999	4.776073	1
3325.386782	38.391228	7.752214	4.952292	2
3326.393444	37.625088	7.741730	4.860036	3
3327.422762	38.307343	7.767575	4.931699	4
3328.429804	38.281227	7.748379	4.940547	5
3329.458435	38.345985	7.755394	4.944428	6
3330.466275	37.620434	7.741952	4.859295	7
3331.494511	37.933208	7.761954	4.887070	8
3332.502948	37.462559	7.740898	4.839562	9
3333.530706	37.925922	7.763812	4.884962	10
3334.538259	37.452694	7.753505	4.830421	11
3335.566796	38.221024	7.754881	4.928641	12
3336.574047	37.517799	7.762893	4.832966	13
3337.602667	38.427322	7.736178	4.967223	14
3338.610227	37.635590	7.754910	4.853131	15
3339.639320	38.425026	7.771029	4.944651	16
3340.646304	37.812233	7.763702	4.870387	17
3341.675319	38.585880	7.754558	4.975897	18
3342.682043	38.417835	7.744233	4.960832	19
3343.711210	38.567589	7.743506	4.980637	20
3344.718267	37.966541	7.740984	4.904614	21
3345.747445	39.036137	7.750024	5.036905	22
3346.754391	38.134209	7.754862	4.917458	23
3347.782649	39.347389	7.772167	5.062602	24
3348.790132	37.728870	7.762495	4.860405	25
3349.818531	39.072357	7.762215	5.033661	26
3350.836329	39.479218	7.754840	5.090914	27
3351.853494	39.071869	7.745319	5.044579	28
3352.861626	38.209576	7.749061	4.930866	29
3353.889076	38.782734	7.763984	4.995211	30
3354.897929	38.503426	7.747017	4.970097	31
3355.925197	38.361614	7.769097	4.937718	32
3356.934620	38.496857	7.755920	4.963545	33
3357.960506	38.335468	7.754103	4.943895	34
3358.970610	38.636856	7.766051	4.975097	35
3359.996880	38.058170	7.744409	4.914277	36
3361.007395	38.494919	7.752832	4.965272	37
3362.033080	37.889416	7.751706	4.887881	38
3363.044041	38.079304	7.755384	4.910048	39
3364.069086	38.197121	7.750182	4.928546	40
3365.079367	38.386173	7.743396	4.957279	41
3366.105006	38.437916	7.768749	4.947761	42
3367.115972	38.256344	7.738485	4.943648	43
3368.141154	38.534344	7.768478	4.960347	44
3369.151753	38.118847	7.755346	4.915170	45
3370.177602	38.322491	7.760494	4.938151	46
3371.187329	38.362579	7.762300	4.942166	47
3372.213434	38.342583	7.764374	4.938272	48
3373.222473	38.374748	7.735372	4.960945	49
3374.250250	38.185272	7.775324	4.911085	50
3375.258571	38.223255	7.745360	4.934988	51
3376.286321	38.316544	7.750650	4.943655	52
3377.294418	37.886089	7.732015	4.899899	53
3378.323297	38.171741	7.759079	4.919623	54
3379.330322	37.631866	7.741458	4.861083	55
3380.359096	38.213188	7.769186	4.918558	56
3381.367471	37.277657	7.739289	4.816677	57
3382.396140	38.366169	7.769090	4.938310	58
3383.403426	37.399799	7.762139	4.818233	59
3384.432307	37.993263	7.752376	4.900855	60
3385.439843	37.209431	7.768142	4.790004	61
3386.468290	37.409927	7.762879	4.819079	62
3387.475934	37.401169	7.764268	4.817089	63
3388.504257	37.233288	7.767972	4.793180	64
3389.512086	37.189629	7.762606	4.790869	65
3390.540237	36.885712	7.723753	4.775620	66
3391.548346	37.337116	7.759902	4.811545	67
3392.576122	36.729385	7.702466	4.768523	68
3393.584146	36.922279	7.749867	4.764247	69
3394.611466	37.292133	7.757918	4.806977	70
3395.620728	36.553806	7.755539	4.713252	71
3396.647930	37.107277	7.761937	4.780673	72
3397.656329	36.862907	7.738918	4.763316	73
3398.683709	36.289761	7.751352	4.681733	74
3399.692106	36.349613	7.739321	4.696745	75
3400.720745	36.681740	7.748921	4.733787	76
3401.728076	36.626102	7.767996	4.715000	77
3402.756442	36.914574	7.749777	4.763308	78
3403.763652	36.811073	7.758858	4.744393	79
3404.792770	36.627789	7.749930	4.726209	80
3405.800191	36.529945	7.744977	4.716599	81
3406.828429	36.770828	7.730983	4.756294	82
3407.835772	36.700081	7.739769	4.741755	83
3408.864349	36.940228	7.733960	4.776367	84
3409.871883	36.834591	7.745373	4.755690	85
3410.900570	37.179680	7.756336	4.793459	86
3411.907335	36.825813	7.741360	4.757021	87
3412.935272	37.467060	7.747942	4.835744	88
3413.943375	36.756729	7.755286	4.739572	89
3414.970870	36.995045	7.741153	4.779010	90
3415.979845	36.469765	7.757405	4.701284	91
3417.006931	36.734272	7.727991	4.753406	92
3418.015967	36.353069	7.767540	4.680126	93
3419.042585	36.913601	7.760261	4.756747	94
3420.052603	36.286640	7.764775	4.673238	95
3421.078440	36.424187	7.761770	4.692768	96
3422.088851	36.367596	7.762791	4.684861	97
3423.114446	36.106045	7.755514	4.655532	98
3424.135813	38.559948	7.756201	4.971500	99
3425.150448	35.965633	7.745607	4.643359	100
3426.161630	36.038944	7.744478	4.653502	101
3427.186460	35.639824	7.747011	4.600461	102
3428.197129	35.889534	7.769643	4.619200	103
3429.222341	35.908104	7.735622	4.641916	104
3430.233462	35.773575	7.763880	4.607693	105
3431.258450	36.085247	7.757536	4.651638	106
3432.269036	35.719360	7.762839	4.601327	107
3433.294518	36.198532	7.757085	4.666512	108
3434.304840	35.747795	7.763894	4.604365	109
3435.331491	35.996326	7.764333	4.636113	110
3436.340989	35.501442	7.757858	4.576192	111
3437.367684	35.696815	7.762625	4.598550	112
3438.376212	36.116512	7.769576	4.648454	113
3439.404164	35.661182	7.762755	4.593883	114
3440.412420	35.535706	7.740669	4.590780	115
3441.440992	35.113750	7.755614	4.527527	116
3442.448754	35.322109	7.738774	4.564303	117
3443.476988	35.511711	7.772663	4.568796	118
3444.484852	35.420437	7.760429	4.564237	119
3445.523821	37.506626	7.746756	4.841591	120
3446.521566	34.604954	7.742938	4.469228	121
3447.549156	35.212685	7.736131	4.551718	122
3448.557401	34.811153	7.750145	4.491678	123
3449.585373	34.993828	7.744476	4.518553	124
3450.603887	37.512150	7.760083	4.833989	125
3451.620868	34.973557	7.754533	4.510079	126
3452.630269	34.282665	7.744455	4.426737	127
3453.657516	34.264217	7.751437	4.420370	128
3454.666355	34.902889	7.753384	4.501633	129
3455.693546	33.963539	7.750402	4.382165	130
3456.701578	34.592651	7.756698	4.459713	131
3457.729141	34.044506	7.754089	4.390523	132
3458.737888	34.413017	7.762424	4.433282	133
3459.765233	34.043175	7.759762	4.387142	134
3460.773751	34.298637	7.761564	4.419037	135
3461.812101	37.048271	7.758771	4.775018	136
3462.810131	34.069027	7.748684	4.396750	137
3463.837338	34.416065	7.757461	4.436512	138
3464.846021	33.813564	7.746248	4.365154	139
3465.873848	34.043720	7.758890	4.387705	140
3466.881928	33.759438	7.737058	4.363343	141
3467.909659	34.140232	7.766651	4.395747	142
3468.918274	33.983212	7.752342	4.383606	143
3469.946483	33.471146	7.738010	4.325550	144
3470.954041	34.028526	7.758456	4.385992	145
3471.981764	33.866337	7.756296	4.366303	146
3472.989868	34.045399	7.734167	4.401948	147
3474.017428	34.119473	7.767756	4.392450	148
3475.026038	33.706478	7.737110	4.356469	149
3476.053843	33.929623	7.768045	4.367846	150
3477.061828	33.715572	7.738465	4.356881	151
3478.089365	33.859962	7.746283	4.371124	152
3479.097923	33.572586	7.740832	4.337078	153
3480.125047	33.766006	7.735640	4.364992	154
3481.134124	33.466900	7.755033	4.315507	155
3482.160625	33.635048	7.748087	4.341078	156
3483.170414	33.636826	7.714236	4.360358	157
3484.196814	33.162643	7.758326	4.274459	158
3485.206764	33.601791	7.749203	4.336161	159
3486.232512	33.105785	7.764702	4.263626	160
3487.243142	33.444546	7.750760	4.315002	161
3488.268349	32.967285	7.761423	4.247583	162
3489.279319	33.127071	7.759647	4.269147	163
3490.304014	32.914696	7.763376	4.239740	164
3491.315189	32.784004	7.751306	4.229482	165
3492.340204	32.960842	7.718842	4.270180	166
3493.350809	32.987431	7.738877	4.262561	167
3494.376338	33.002861	7.734697	4.266859	168
3495.386488	32.990910	7.746676	4.258718	169
3496.412400	33.053486	7.733723	4.273943	170
3497.422642	32.842731	7.741557	4.242394	171
3498.448713	32.813835	7.733224	4.243228	172
3499.458537	32.960140	7.753852	4.250809	173
3500.484953	32.646065	7.756436	4.208900	174
3501.494125	32.906071	7.771575	4.234157	175
3502.521286	32.417908	7.759676	4.177740	176
3503.530171	33.059372	7.757279	4.261723	177
3504.557535	32.657169	7.758990	4.208946	178
3505.566104	32.441902	7.741089	4.190871	179
3506.593980	32.395802	7.757164	4.176243	180
3507.601592	32.578762	7.757286	4.199764	181
3508.629976	32.443703	7.752585	4.184888	182
3509.638248	32.062862	7.738625	4.143225	183
3510.666108	32.013908	7.744007	4.134024	184
3511.674081	31.991943	7.745193	4.130555	185
3512.701659	31.748489	7.742441	4.100579	186
3513.720689	35.608002	7.763174	4.586784	187
3514.737573	31.834440	7.760762	4.101974	188
3515.746449	32.158417	7.757899	4.145248	189
3516.773804	31.274202	7.756595	4.031950	190
3517.782253	32.274246	7.756965	4.160680	191
3518.820199	34.923756	7.763162	4.498652	192
3519.818624	31.637573	7.762437	4.075727	193
3520.845098	31.925768	7.755890	4.116326	194
3521.854063	31.809469	7.740405	4.109536	195
3522.881297	31.688253	7.763609	4.081640	196
3523.890009	31.659389	7.750101	4.085030	197
3524.917507	31.623795	7.763905	4.073182	198
3525.925818	31.574883	7.732268	4.083522	199
3526.953518	31.287073	7.747482	4.038354	200
3527.962533	31.479218	7.752194	4.060685	201
3528.989820	30.980366	7.740504	4.002370	202
3529.997819	31.951832	7.758838	4.118121	203
3531.025581	31.119734	7.729149	4.026282	204
3532.034248	31.704609	7.762473	4.084344	205
3533.062124	30.782228	7.717794	3.988475	206
3534.070174	31.701061	7.755273	4.087678	207
3535.097640	31.533201	7.759669	4.063730	208
3536.106207	31.362469	7.742900	4.050481	209
3537.133319	31.335358	7.760575	4.037763	210
3538.142665	31.057369	7.746396	4.009267	211
3539.169254	31.426470	7.765416	4.046978	212
3540.178576	30.871449	7.731050	3.993177	213
3541.205196	31.201578	7.738716	4.031881	214
3542.214748	30.689016	7.723760	3.973326	215
3543.241005	30.548044	7.723732	3.955089	216
3544.250794	31.116814	7.750290	4.014923	217
3545.276671	30.744650	7.755586	3.964195	218
3546.287223	30.884817	7.748005	3.986164	219
3547.312792	30.558825	7.758649	3.938679	220
3548.322892	31.456701	7.757936	4.054777	221
3549.349009	30.098351	7.758368	3.879470	222
3550.359185	30.824753	7.755270	3.974685	223
3551.384598	30.232862	7.737920	3.907105	224
3552.396046	30.072376	7.754838	3.877886	225
3553.419918	30.616112	7.720425	3.965599	226
3554.431778	30.228315	7.770041	3.890368	227
3555.456967	30.358116	7.745451	3.919477	228
3556.467260	30.494194	7.768208	3.925513	229
3557.492937	30.294685	7.735556	3.916291	230
3558.503484	30.502548	7.742089	3.939834	231
3559.529227	29.979984	7.755755	3.865515	232
3560.539478	30.480379	7.740782	3.937636	233
3561.564912	30.144909	7.758088	3.885611	234
