crossing time (s)	slope (V/s)	crossing number
6885.320692	6.815926	4062
6886.334196	6.238457	4063
6887.359616	6.352526	4064
6888.371996	6.071876	4065
6889.398530	6.440387	4066
6890.411294	6.196304	4067
6891.435219	5.812207	4068
6892.448265	6.032541	4069
6893.473131	6.466042	4070
6894.485324	5.985372	4071
6895.512159	7.032423	4072
6896.523174	7.015262	4073
6897.549733	7.239444	4074
6898.560351	6.561192	4075
6899.588695	7.508163	4076
6900.596795	7.991226	4077
6901.628399	8.435876	4078
6902.633700	7.925955	4079
6903.666691	7.619190	4080
6904.672426	8.070941	4081
6905.704461	7.022491	4082
6906.708985	7.919802	4083
6907.743262	7.044881	4084
6908.746173	7.586466	4085
6909.782479	6.264783	4086
6910.786166	6.508456	4087
6911.820435	6.695185	4088
6912.824104	6.807633	4089
6913.857795	7.148946	4090
6914.862800	7.394835	4091
6915.894889	7.428577	4092
6916.901523	6.983370	4093
6917.931743	7.718765	4094
6918.939122	7.248399	4095
6919.969301	8.072281	4096
6920.977285	7.658248	4097
6922.007518	8.011195	4098
6923.015445	7.575346	4099
6924.044322	8.018368	4100
6925.053427	7.091818	4101
6926.082685	8.082590	4102
6927.090149	7.136161	4103
6928.120517	7.853035	4104
6929.127413	7.466612	4105
6930.158392	7.444173	4106
6931.163240	7.044171	4107
6932.196293	7.909025	4108
6933.200174	7.215479	4109
6934.233381	7.675973	4110
6935.238260	7.597409	4111
6936.271320	8.010061	4112
6937.275639	8.333068	4113
6938.307287	8.412689	4114
6939.313344	8.888404	4115
6940.343757	8.831215	4116
6941.352795	8.746907	4117
6942.380244	9.094426	4118
6943.390128	9.134596	4119
6944.418922	9.288342	4120
6945.428259	8.736073	4121
6946.454730	9.106209	4122
6947.466220	8.092779	4123
6948.492498	8.855045	4124
6949.503433	8.540215	4125
6950.528548	8.794712	4126
6951.540775	8.766370	4127
6952.565636	8.630050	4128
6953.579176	8.474450	4129
6954.602581	8.817419	4130
6955.616615	8.701380	4131
6956.638979	8.967889	4132
6957.651812	8.645331	4133
6958.677228	9.170502	4134
6959.688237	9.119756	4135
6960.715006	8.932393	4136
6961.724440	8.999523	4137
6962.751079	9.179109	4138
6963.759804	9.388519	4139
6964.787852	9.132311	4140
6965.797218	9.555459	4141
6966.825225	8.835089	4142
6967.831982	9.430763	4143
6968.863134	8.722161	4144
6969.868106	9.218760	4145
6970.900710	8.581022	4146
6971.906398	8.832817	4147
6972.938056	8.584314	4148
6973.943141	8.707505	4149
6974.976494	8.610128	4150
6975.981791	9.132564	4151
6977.013602	8.874878	4152
6978.018083	8.450907	4153
6979.049635	9.308744	4154
6980.056025	9.127721	4155
6981.087587	9.251585	4156
6982.095693	9.135682	4157
6983.122875	9.077649	4158
6984.130767	9.244280	4159
6985.161146	9.837814	4160
6986.168312	9.212025	4161
6987.198634	9.745089	4162
6988.205170	8.795390	4163
6989.235123	9.493018	4164
6990.241323	9.138218	4165
6991.273755	9.724964	4166
6992.278099	8.831913	4167
6993.309358	9.401748	4168
6994.313848	8.843212	4169
6995.345823	9.562092	4170
6996.349486	9.327718	4171
6997.382738	9.330494	4172
6998.387746	9.392063	4173
6999.418429	9.293430	4174
7000.423366	9.789990	4175
7001.454525	10.124529	4176
7002.462076	10.399127	4177
7003.491355	10.068563	4178
7004.499607	10.151624	4179
7005.527727	10.441983	4180
7006.537589	10.336330	4181
7007.565047	10.469801	4182
7008.574369	10.177941	4183
7009.602675	10.274542	4184
7010.613157	9.988481	4185
7011.637749	10.274450	4186
7012.649091	9.975174	4187
7013.674791	10.433796	4188
7014.687118	10.097346	4189
7015.709714	9.663601	4190
7016.723048	10.003173	4191
7017.748665	10.596218	4192
7018.758897	10.236079	4193
7019.785384	9.952505	4194
7020.794885	10.177783	4195
7021.819604	10.487871	4196
7022.830777	10.462604	4197
7023.859484	10.752170	4198
7024.867966	10.715276	4199
7025.893785	10.106528	4200
7026.902026	10.881710	4201
7027.930126	10.811654	4202
7028.939202	10.511768	4203
7029.968866	9.934339	4204
7030.972028	10.391197	4205
7032.003725	10.092603	4206
7033.008543	10.483256	4207
7034.042037	9.975236	4208
7035.047010	10.432723	4209
7036.078696	9.968451	4210
7037.081674	10.103818	4211
7038.116161	10.528712	4212
7039.120528	10.503766	4213
7040.152744	10.704585	4214
7041.159430	10.351462	4215
7042.188349	10.363679	4216
7043.194160	10.010829	4217
7044.226511	10.953616	4218
7045.231297	10.268319	4219
7046.261937	10.720617	4220
7047.267986	9.912107	4221
7048.298228	10.941093	4222
7049.304214	10.128120	4223
7050.336810	10.470480	4224
7051.341237	10.400113	4225
7052.372389	10.485912	4226
7053.376738	10.258624	4227
7054.408702	10.930417	4228
7055.412514	10.492718	4229
7056.444372	10.539692	4230
7057.448240	10.225545	4231
7058.479894	10.782437	4232
7059.484815	10.750922	4233
7060.516808	10.548683	4234
7061.522404	10.984785	4235
7062.552258	11.114098	4236
7063.558206	11.002915	4237
7064.589245	10.942278	4238
7065.594987	11.233181	4239
7066.623686	11.066954	4240
7067.632394	10.859900	4241
7068.660559	11.524980	4242
7069.670338	11.528617	4243
7070.697608	11.058395	4244
7071.708226	11.441659	4245
7072.734167	11.115156	4246
7073.743419	10.899049	4247
7074.771073	11.459293	4248
7075.781666	11.101016	4249
7076.805746	11.243092	4250
7077.816979	10.995696	4251
7078.843488	11.373646	4252
7079.853800	11.358635	4253
7080.879284	11.084424	4254
7081.889785	11.040261	4255
7082.915871	11.697471	4256
7083.924125	11.248735	4257
7084.952753	11.342315	4258
7085.961429	11.360676	4259
7086.986934	11.578656	4260
7087.996759	11.172739	4261
7089.023327	11.599715	4262
7090.032513	12.022661	4263
7091.061629	11.075127	4264
7092.067974	11.281479	4265
7093.097128	11.537298	4266
7094.101247	11.370777	4267
7095.134347	11.206413	4268
7096.141050	11.183532	4269
7097.170316	11.108520	4270
7098.175656	11.247731	4271
7099.208372	11.078766	4272
7100.213669	11.573982	4273
7101.245457	11.233437	4274
7102.250484	10.840407	4275
7103.281440	11.428235	4276
7104.285769	11.099229	4277
7105.316650	11.618491	4278
7106.324851	11.121504	4279
7107.354448	11.252928	4280
7108.361619	11.189291	4281
7109.391445	11.767530	4282
7110.397500	11.046560	4283
7111.429030	11.505653	4284
7112.431941	11.026653	4285
7113.463229	11.553205	4286
7114.468058	11.313190	4287
7115.499683	11.452755	4288
7116.506290	11.227772	4289
7117.534620	11.525882	4290
7118.541944	10.919888	4291
7119.573048	11.509824	4292
7120.576210	11.734667	4293
7121.608406	11.554262	4294
7122.613177	11.531433	4295
7123.643181	11.494397	4296
7124.647982	11.831950	4297
7125.679744	12.039872	4298
7126.685672	11.989659	4299
7127.715994	11.525267	4300
7128.721861	11.864347	4301
7129.750894	11.923234	4302
7130.758872	12.117153	4303
7131.788855	11.864655	4304
7132.796702	11.712635	4305
7133.823653	12.331670	4306
7134.833319	12.001420	4307
7135.861560	12.100915	4308
7136.871736	11.869190	4309
7137.895869	12.036618	4310
7138.905977	11.625393	4311
7139.933401	11.811029	4312
7140.942977	12.115716	4313
7141.968266	12.057359	4314
7142.978876	11.487059	4315
7144.005184	12.473550	4316
7145.014298	11.829449	4317
7146.042887	11.960228	4318
7147.051689	11.867206	4319
7148.077768	11.899495	4320
7149.084288	12.103596	4321
7150.116474	12.578399	4322
7151.120821	12.339918	4323
7152.149656	12.145089	4324
7153.155845	11.792288	4325
7154.187493	12.054546	4326
7155.192920	12.241908	4327
7156.223145	11.608779	4328
7157.228017	11.965594	4329
7158.258384	11.993174	4330
7159.263808	12.373129	4331
7160.296407	12.170454	4332
7161.302613	11.922087	4333
7162.333056	12.344209	4334
7163.337192	11.986991	4335
7164.370875	12.433732	4336
7165.374644	11.788778	4337
7166.404933	11.940746	4338
7167.411115	11.354992	4339
7168.442241	12.214608	4340
7169.446856	12.209004	4341
7170.478709	12.315951	4342
7171.481536	11.978090	4343
7172.512360	12.431340	4344
7173.518796	12.482076	4345
7174.549449	12.548907	4346
7175.556080	11.687719	4347
7176.585305	12.109149	4348
7177.591506	11.945270	4349
7178.621510	12.333821	4350
7179.626956	12.164078	4351
7180.658738	12.019303	4352
7181.662484	12.071178	4353
7182.694314	12.115605	4354
7183.698485	11.829732	4355
7184.730145	12.167353	4356
7185.735751	12.723919	4357
7186.765233	11.949857	4358
7187.771777	12.552137	4359
7188.800941	12.597437	4360
7189.807632	12.344974	4361
7190.838044	12.435412	4362
7191.846611	12.403062	4363
7192.873349	12.373205	4364
7193.881529	12.418836	4365
7194.910512	12.481298	4366
7195.916157	12.426284	4367
7196.947780	11.980213	4368
7197.953357	12.315526	4369
7198.982458	12.509822	4370
7199.988907	12.266428	4371
7201.019913	12.725728	4372
7202.026510	12.304179	4373
7203.054469	12.294543	4374
7204.061809	12.616373	4375
7205.094012	12.628155	4376
7206.104771	12.076218	4377
7207.127952	13.030026	4378
7208.135567	12.747678	4379
7209.162138	12.833274	4380
7210.170500	11.993896	4381
7211.196926	12.203520	4382
7212.206772	12.067090	4383
7213.228645	12.692702	4384
7214.242599	11.889526	4385
7215.272209	11.458460	4386
