time (s)	theta (A)	maj axis/z0	min axis/z0	crossing#mod 255
5644.846442	329.775818	-0.716812	0.090111	105
5646.883026	329.786102	-0.721513	0.089419	107
5648.917595	329.759735	-0.724640	0.088661	109
5650.952039	329.749817	-0.727388	0.087926	111
5652.987689	329.681274	-0.730627	0.087749	113
5655.024392	329.516602	-0.733500	0.087247	115
5657.062094	329.375763	-0.735571	0.086981	117
5659.099099	329.286377	-0.739529	0.086846	119
5661.135146	329.211029	-0.742965	0.087001	121
5663.170981	329.255615	-0.746407	0.087098	123
5665.207334	329.259918	-0.750484	0.087076	125
5667.244227	329.216949	-0.753873	0.086285	127
5669.281302	329.111267	-0.758489	0.085553	129
5671.318847	329.020691	-0.761668	0.085019	131
5673.355269	149.054916	0.763466	-0.084418	133
5675.391658	149.068466	0.768273	-0.084298	135
5677.428931	329.216919	-0.768339	0.084422	137
5679.467653	329.331207	-0.770081	0.084127	139
5681.505919	329.549286	-0.772355	0.083689	141
5683.544100	329.530762	-0.778642	0.083644	143
5685.580407	329.441467	-0.781659	0.083933	145
5687.614414	329.193878	-0.784727	0.083514	147
5689.649130	328.955292	-0.787565	0.083035	149
5691.685533	328.785736	-0.790111	0.082820	151
5693.722651	148.632690	0.792553	-0.082184	153
5695.758554	148.475113	0.795467	-0.081698	155
5697.795575	148.422134	0.797562	-0.081789	157
5699.832318	148.429230	0.800641	-0.081389	159
5701.868182	148.409851	0.803894	-0.080929	161
5703.904871	148.386581	0.805648	-0.080478	163
5705.942210	148.368652	0.807612	-0.080326	165
5707.979107	148.401733	0.811297	-0.080339	167
5710.016187	148.400131	0.814250	-0.080317	169
5712.054345	148.442413	0.816534	-0.079898	171
5714.092262	148.499130	0.819328	-0.079549	173
5716.129047	148.449982	0.821972	-0.079389	175
5718.164775	148.436615	0.825068	-0.079343	177
5720.199441	148.374924	0.826872	-0.079330	179
5722.234559	148.274643	0.829533	-0.078839	181
5724.270219	148.252228	0.832194	-0.079011	183
5726.306296	148.170822	0.833268	-0.078444	185
5728.342599	148.077652	0.834028	-0.077865	187
5730.379072	148.026062	0.836441	-0.078003	189
5732.414607	148.028076	0.838562	-0.078224	191
5734.450757	147.939377	0.841886	-0.078263	193
5736.487354	147.895386	0.844744	-0.078234	195
5738.523719	147.838776	0.846490	-0.077851	197
5740.560293	147.840149	0.848909	-0.077762	199
5742.596812	147.811661	0.850431	-0.077588	201
5744.633331	147.878677	0.851528	-0.077726	203
5746.669860	147.936707	0.853081	-0.077923	205
5748.708140	147.977036	0.854486	-0.078710	207
5750.745720	148.247437	0.857295	-0.078498	209
5752.781929	148.122925	0.859608	-0.077538	211
5754.817718	148.023132	0.862894	-0.077848	213
5756.853039	147.839432	0.864356	-0.077883	215
5758.888589	147.677628	0.866968	-0.078162	217
5760.924089	147.540436	0.868959	-0.078182	219
5762.960071	147.417923	0.870286	-0.077862	221
5764.996027	147.334656	0.872342	-0.078157	223
5767.032680	147.277054	0.873762	-0.078081	225
5769.068735	147.265671	0.875321	-0.078083	227
5771.104862	147.285645	0.877392	-0.077741	229
5773.141701	147.265091	0.879230	-0.077763	231
5775.178761	147.281464	0.880257	-0.077668	233
5777.215931	147.243881	0.881697	-0.077281	235
5779.252985	147.293152	0.883401	-0.077240	237
5781.290197	147.290909	0.884393	-0.076906	239
5783.325574	147.283981	0.886484	-0.076841	241
5785.361150	147.244598	0.889246	-0.076891	243
5787.396360	147.139313	0.892049	-0.076677	245
5789.430912	147.103271	0.894766	-0.076762	247
5791.466948	147.068100	0.897023	-0.076564	249
5793.502771	146.956207	0.897116	-0.076280	251
5795.538533	146.899780	0.898694	-0.076671	253
5797.574820	146.833939	0.899419	-0.076519	255
5799.610701	146.787460	0.900768	-0.076498	1
5801.646364	146.757462	0.902821	-0.076414	3
5803.682719	146.721573	0.904191	-0.076529	5
5805.718618	146.705414	0.905928	-0.076099	7
5807.755250	146.665894	0.907314	-0.076169	9
5809.791975	146.688293	0.907193	-0.076723	11
5811.828536	146.674530	0.907599	-0.076438	13
5813.865371	146.788498	0.908711	-0.076836	15
5815.902667	146.876404	0.910748	-0.077043	17
5817.939605	146.929169	0.912832	-0.077022	19
5819.975454	146.894150	0.915586	-0.077288	21
5822.011171	146.801224	0.917790	-0.077436	23
5824.046495	146.673553	0.919379	-0.077804	25
5826.081824	146.514526	0.920714	-0.077705	27
5828.117764	146.392700	0.921924	-0.077790	29
5830.153526	146.319244	0.923447	-0.078093	31
5832.189424	146.261856	0.924978	-0.077916	33
5834.225488	146.232742	0.925310	-0.077782	35
5836.261615	146.202225	0.927582	-0.078050	37
5838.298189	146.207474	0.928796	-0.078158	39
5840.334471	146.184677	0.929632	-0.078258	41
5842.371463	146.162766	0.929990	-0.078108	43
5844.407794	146.157349	0.931218	-0.078097	45
5846.444364	146.190216	0.932330	-0.078269	47
5848.480044	146.192764	0.933212	-0.078270	49
5850.514883	146.135803	0.935654	-0.078331	51
5852.550324	146.002197	0.936967	-0.078196	53
5854.585259	145.934616	0.937839	-0.078363	55
5856.620790	145.839005	0.939720	-0.078841	57
5858.656433	145.819977	0.941600	-0.079074	59
5860.692289	145.718002	0.942420	-0.078824	61
5862.728297	145.617767	0.943070	-0.078912	63
5864.763882	145.623978	0.943985	-0.078684	65
5866.799863	145.533951	0.944836	-0.078637	67
5868.836212	145.493622	0.946062	-0.078819	69
5870.872464	145.450302	0.946251	-0.078528	71
5872.908455	145.474487	0.946822	-0.078685	73
5874.944575	145.500687	0.947470	-0.078938	75
5876.981776	145.528091	0.948323	-0.079134	77
5879.018177	145.573257	0.948588	-0.079405	79
5881.054915	145.613556	0.949430	-0.079677	81
5883.091404	145.660721	0.951059	-0.079951	83
5885.127861	145.656754	0.952906	-0.080159	85
5887.163868	145.580017	0.954130	-0.079465	87
5889.199134	145.466644	0.954740	-0.078839	89
5891.234407	145.389618	0.956712	-0.078945	91
5893.270439	145.285797	0.957071	-0.079267	93
5895.306241	145.168976	0.957204	-0.079104	95
5897.341880	145.127960	0.958039	-0.078826	97
5899.378218	145.128128	0.958481	-0.078709	99
5901.414444	145.058960	0.960431	-0.079157	101
5903.450487	145.068527	0.961648	-0.079157	103
5905.486807	145.040817	0.962716	-0.079158	105
5907.523521	145.070480	0.963562	-0.079435	107
5909.559117	145.022064	0.964575	-0.079070	109
5911.594642	144.987030	0.963938	-0.078699	111
5913.630179	144.959305	0.965237	-0.079281	113
5915.665205	144.858154	0.965774	-0.079300	115
5917.700687	144.806580	0.966923	-0.078551	117
5919.735926	144.765762	0.968884	-0.077978	119
5921.771228	144.654861	0.969359	-0.077807	121
5923.807123	144.602631	0.969356	-0.077058	123
5925.842731	144.578629	0.969837	-0.077213	125
5927.878695	144.514786	0.970688	-0.077096	127
5929.913953	144.502258	0.971742	-0.077087	129
5931.950311	144.490417	0.971901	-0.076115	131
5933.986323	144.443130	0.972722	-0.075834	133
5936.022434	144.428848	0.972965	-0.076056	135
5938.058603	144.446014	0.974753	-0.076122	137
5940.095140	144.439484	0.975856	-0.076624	139
5942.131611	144.487320	0.975514	-0.076547	141
5944.168466	144.500336	0.975624	-0.076995	143
5946.204893	144.588364	0.976253	-0.076780	145
5948.240716	144.567993	0.977039	-0.076527	147
5950.277099	144.515305	0.976765	-0.075917	149
5952.312618	144.509613	0.978131	-0.075584	151
5954.348150	144.363983	0.978565	-0.074827	153
5956.384302	144.295135	0.980031	-0.075580	155
5958.420955	144.267792	0.980805	-0.075630	157
5960.457801	144.309204	0.981873	-0.075120	159
5962.493706	144.179703	0.981855	-0.074692	161
5964.530162	144.102524	0.981611	-0.074277	163
