time (s)	energy (uJ)	charge (mC)	voltage (mV)	crossing#mod 255
2579.276749	3.335779	1.884616	1.770004	86
2580.309622	2.854744	1.876672	1.521174	87
2581.311491	3.004426	1.830399	1.641405	88
2582.345814	3.074800	1.879913	1.635608	89
2583.356830	3.153803	1.880891	1.676760	90
2584.377251	3.110073	1.840881	1.689448	91
2585.389833	3.333885	1.874786	1.778275	92
2586.406908	2.948636	1.835606	1.606356	93
2587.417595	3.273789	1.871774	1.749030	94
2588.439551	2.790260	1.873397	1.489412	95
2589.451323	3.174252	1.876821	1.691292	96
2590.486338	2.746664	1.877743	1.462748	97
2591.490107	3.152252	1.812426	1.739245	98
2592.528204	2.892260	1.881026	1.537597	99
2593.525284	3.327759	1.878325	1.771663	100
2594.561915	2.714880	1.880779	1.443488	101
2595.556443	3.264994	1.851751	1.763193	102
2596.595245	2.597218	1.877944	1.383011	103
2597.592614	3.246631	1.849632	1.755285	104
2598.628792	2.663691	1.870138	1.424329	105
2599.628466	3.233738	1.852686	1.745432	106
2600.662327	2.641677	1.822926	1.449141	107
2601.665910	3.095035	1.801513	1.718019	108
2602.696153	2.813123	1.880388	1.496033	109
2603.701116	3.238859	1.878968	1.723744	110
2604.727990	2.829191	1.882582	1.502825	111
2605.734470	3.052769	1.868904	1.633454	112
2606.760765	2.744905	1.890431	1.452000	113
2607.773989	3.021820	1.875739	1.611002	114
2608.795275	2.797287	1.858980	1.504743	115
2609.812438	3.154694	1.858261	1.697659	116
2610.835845	2.956586	1.865425	1.584940	117
2611.845111	3.159674	1.802046	1.753382	118
2612.873823	3.169659	1.884016	1.682395	119
2613.876595	3.265289	1.879415	1.737397	120
2614.913452	3.092878	1.869918	1.654018	121
2615.909128	3.330014	1.889444	1.762431	122
2616.946428	3.125623	1.885158	1.658017	123
2617.945104	3.587895	1.867528	1.921201	124
2618.979938	3.116952	1.884247	1.654217	125
2619.982292	3.575209	1.874216	1.907576	126
2621.016294	3.045324	1.870222	1.628322	127
2622.024035	3.508926	1.846974	1.899824	128
2623.049119	3.108136	1.879107	1.654049	129
2624.059055	3.538179	1.878025	1.883989	130
2625.077348	3.253391	1.858338	1.750699	131
2626.089545	3.592025	1.882423	1.908192	132
2627.110593	3.344719	1.865507	1.792928	133
2628.124316	3.544656	1.880311	1.885143	134
2629.147406	3.199415	1.862193	1.718090	135
2630.160118	3.332134	1.880778	1.771678	136
2631.186996	2.982019	1.867584	1.596725	137
2632.197261	3.243380	1.880000	1.725202	138
2633.222549	2.924179	1.817804	1.608633	139
2634.228606	3.198042	1.847119	1.731367	140
2635.255174	3.113485	1.879263	1.656758	141
2636.262051	3.291053	1.878990	1.751501	142
2637.290106	3.214070	1.848475	1.738768	143
2638.297275	3.482372	1.874714	1.857548	144
2639.326170	3.484407	1.875773	1.857585	145
2640.344072	3.517776	1.870348	1.880813	146
2641.361783	3.512561	1.853726	1.894865	147
2642.370345	3.559971	1.882593	1.890993	148
2643.400448	3.471304	1.877414	1.848981	149
2644.402839	3.542104	1.881527	1.882569	150
2645.422104	3.263156	1.860358	1.754048	151
2646.435683	3.482954	1.877854	1.854752	152
2647.458551	3.191526	1.880443	1.697221	153
2648.472366	3.441311	1.879632	1.830843	154
2649.499314	3.275170	1.879724	1.742367	155
2650.511722	3.650368	1.871042	1.950981	156
2651.542909	3.301035	1.878818	1.756974	157
2652.544601	3.702422	1.874226	1.975441	158
2653.577001	3.142172	1.881218	1.670286	159
2654.572077	3.656638	1.876300	1.948856	160
2655.611221	3.180516	1.869293	1.701454	161
2656.604158	3.574419	1.878181	1.903128	162
2657.646932	3.297075	1.833925	1.797824	163
2658.643927	3.528052	1.877358	1.879265	164
2659.683782	3.556168	1.836662	1.936213	165
2660.683680	3.527850	1.868514	1.888051	166
2661.714766	3.526620	1.868650	1.887255	167
2662.728756	3.586087	1.879512	1.907988	168
2663.745279	3.597298	1.882096	1.911325	169
2664.755933	3.614651	1.878089	1.924643	170
2665.776640	3.421763	1.832772	1.866988	171
2666.788449	3.656784	1.884052	1.940915	172
2667.809208	3.322275	1.811056	1.834440	173
2668.822554	3.624411	1.861210	1.947341	174
2669.844237	3.419018	1.881358	1.817314	175
2670.859219	3.650161	1.862000	1.960345	176
2671.882597	3.512404	1.871571	1.876715	177
2672.896256	3.729727	1.883653	1.980050	178
2673.918249	3.371395	1.820153	1.852259	179
2674.930759	3.743054	1.865655	2.006295	180
2675.954395	3.494820	1.862321	1.876593	181
2676.966348	3.850461	1.879849	2.048282	182
2677.988430	3.556328	1.868197	1.903615	183
2679.000677	3.886504	1.861607	2.087715	184
2680.022149	3.644852	1.870119	1.948995	185
2681.034910	3.876462	1.832448	2.115455	186
2682.058525	3.592880	1.863088	1.928454	187
2683.071769	3.844740	1.880076	2.044992	188
2684.095664	3.701925	1.874630	1.974749	189
2685.108031	3.809657	1.875905	2.030837	190
2686.134016	3.661334	1.832757	1.997720	191
2687.142560	3.804121	1.884311	2.018839	192
2688.170982	3.737772	1.873232	1.995360	193
2689.172771	3.861532	1.876262	2.058099	194
2690.204500	3.657817	1.876419	1.949360	195
2691.204069	4.015203	1.860069	2.158631	196
2692.238612	3.597257	1.880871	1.912549	197
2693.248777	4.147971	1.873086	2.214512	198
2694.276168	3.476300	1.844550	1.884633	199
2695.280113	4.048837	1.860932	2.175704	200
2696.312390	3.545761	1.877287	1.888769	201
2697.318204	4.092409	1.877344	2.179893	202
2698.345294	3.568380	1.875131	1.903003	203
2699.352846	4.041899	1.842892	2.193237	204
2700.375781	3.470871	1.812904	1.914537	205
2701.386873	4.051139	1.881441	2.153211	206
2702.409210	3.659796	1.872383	1.954619	207
2703.421870	4.001265	1.831129	2.185135	208
2704.443058	3.576330	1.822957	1.961829	209
2705.457483	4.044690	1.882183	2.148936	210
2706.478827	3.724894	1.860292	2.002317	211
2707.493665	4.033280	1.884719	2.139990	212
2708.515079	3.675632	1.810503	2.030171	213
2709.528696	4.078125	1.888407	2.159558	214
2710.550345	3.952016	1.877882	2.104507	215
2711.562902	4.148619	1.882973	2.203228	216
2712.584534	3.827371	1.835897	2.084742	217
2713.597292	4.095893	1.849249	2.214895	218
2714.618964	4.052679	1.883835	2.151292	219
2715.640635	4.210921	1.893295	2.224123	220
2716.653165	4.009128	1.887945	2.123541	221
2717.667226	4.193197	1.870447	2.241816	222
2718.689773	4.024272	1.881922	2.138384	223
2719.703890	4.304988	1.867768	2.304884	224
2720.728695	3.953607	1.888926	2.093045	225
2721.740394	4.351882	1.821794	2.388789	226
2722.768479	4.047726	1.890291	2.141325	227
2723.774106	4.442195	1.866693	2.379714	228
2724.806454	3.890781	1.836769	2.118275	229
2725.805349	4.511516	1.886593	2.391356	230
2726.840933	4.039312	1.888009	2.139456	231
2727.836353	4.368374	1.815947	2.405563	232
2728.874525	4.103513	1.891115	2.169891	233
2729.869869	4.439520	1.864179	2.381488	234
2730.909779	4.097003	1.875330	2.184684	235
2731.905944	4.189693	1.811370	2.312998	236
2732.945801	4.034071	1.817243	2.219885	237
2733.945971	4.074901	1.801300	2.262200	238
2734.988538	4.255080	1.885570	2.256655	239
2735.984368	4.352400	1.882672	2.311821	240
2737.014144	4.336345	1.887283	2.297665	241
2738.019867	4.363719	1.860513	2.345438	242
2739.045800	4.207147	1.847891	2.276729	243
2740.054562	4.475474	1.880733	2.379643	244
2741.079086	4.167480	1.864949	2.234635	245
2742.088857	4.407313	1.885809	2.337094	246
2743.113524	4.257627	1.882400	2.261808	247
2744.123093	4.348661	1.875888	2.318188	248
2745.147976	4.309820	1.875151	2.298386	249
2746.160969	4.330731	1.863297	2.324230	250
2747.183134	4.289161	1.882899	2.277957	251
2748.196145	4.466914	1.885284	2.369359	252
2749.219278	4.359479	1.881468	2.317062	253
2750.231770	4.487446	1.871059	2.398346	254
2751.255088	4.303897	1.864074	2.308867	255
2752.266872	4.432548	1.819959	2.435521	0
2753.291452	4.379850	1.870028	2.342131	1
2754.302470	4.529257	1.884183	2.403831	2
2755.328348	4.485841	1.882599	2.382792	3
2756.338197	4.470412	1.890104	2.365167	4
2757.365590	4.507833	1.877680	2.400747	5
2758.372504	4.392277	1.869254	2.349748	6
2759.402897	4.396586	1.866431	2.355612	7
2760.404792	4.445769	1.877604	2.367788	8
2761.437313	4.317119	1.868568	2.310389	9
2762.436978	4.603220	1.879257	2.449490	10
2763.470809	4.258197	1.879120	2.266059	11
2764.470085	4.599456	1.838904	2.501195	12
2765.506326	4.180785	1.844144	2.267060	13
2766.506954	4.758027	1.859167	2.559225	14
2767.542164	4.179548	1.841224	2.269983	15
2768.544328	4.825631	1.883174	2.562499	16
2769.579213	4.207846	1.862126	2.259700	17
2770.582230	4.505372	1.798301	2.505349	18
2771.612192	4.332449	1.874715	2.310991	19
2772.618413	4.684647	1.883709	2.486928	20
2773.644710	4.366156	1.873608	2.330347	21
2774.654477	4.694149	1.867737	2.513282	22
2775.681038	4.242015	1.834669	2.312141	23
2776.688967	4.722488	1.863772	2.533834	24
2777.714885	4.195707	1.838924	2.281610	25
2778.724492	4.774305	1.867585	2.556405	26
2779.749671	4.364720	1.882455	2.318633	27
2780.759346	4.784762	1.876644	2.549637	28
2781.783226	4.408909	1.874783	2.351690	29
2782.795447	4.773564	1.881833	2.536657	30
2783.819995	4.505098	1.868738	2.410770	31
2784.829899	4.748102	1.870557	2.538336	32
2785.855248	4.534626	1.880609	2.411255	33
2786.865285	4.884254	1.878955	2.599452	34
2787.891633	4.455036	1.886651	2.361347	35
2788.899928	4.861089	1.855204	2.620245	36
2789.928580	4.403778	1.877419	2.345655	37
2790.933654	4.919437	1.878502	2.618808	38
2791.964529	4.452419	1.880613	2.367536	39
2792.967041	4.987658	1.880927	2.651703	40
2794.000503	4.470817	1.867896	2.393504	41
2795.000173	4.963144	1.852579	2.679046	42
2796.035268	4.541354	1.881790	2.413316	43
2797.033413	4.906200	1.823591	2.690406	44
2798.070387	4.473127	1.864012	2.399731	45
2799.068314	4.999110	1.876200	2.664486	46
2800.105147	4.502974	1.884478	2.389507	47
2801.103116	4.797629	1.861048	2.577919	48
2802.141560	4.626674	1.878724	2.462668	49
2803.140735	4.780222	1.877241	2.546409	50
2804.177401	4.804093	1.883446	2.550693	51
2805.178252	4.648250	1.829570	2.540625	52
2806.210602	4.748040	1.886032	2.517477	53
2807.217329	4.819202	1.883437	2.558728	54
2808.245594	4.764751	1.874488	2.541895	55
2809.251704	4.720331	1.849296	2.552502	56
2810.278601	4.696206	1.848125	2.541065	57
2811.287499	4.794352	1.873862	2.558541	58
2812.311286	4.657243	1.817524	2.562410	59
2813.321135	4.660684	1.798096	2.592011	60
2814.347920	4.661910	1.826179	2.552823	61
2815.355317	4.825566	1.860050	2.594321	62
2816.381852	4.764674	1.868718	2.549702	63
2817.392248	4.970992	1.882599	2.640494	64
2818.418367	4.828300	1.883422	2.563578	65
2819.427635	4.929186	1.863773	2.644736	66
2820.453643	4.590698	1.812327	2.533041	67
2821.461201	5.049253	1.863604	2.709402	68
2822.491133	4.740409	1.864923	2.541880	69
2823.497383	4.955876	1.861783	2.661899	70
2824.526012	4.894925	1.878948	2.605141	71
2825.531111	5.009584	1.876147	2.670144	72
2826.563273	4.665097	1.809891	2.577558	73
2827.564378	5.029744	1.873932	2.684059	74
2828.598658	4.865746	1.874641	2.595561	75
2829.597299	5.073327	1.864857	2.720491	76
2830.633349	4.824742	1.855764	2.599868	77
2831.638310	5.146878	1.864020	2.761171	78
2832.667241	4.798977	1.879524	2.553295	79
2833.665295	5.286147	1.875231	2.818932	80
2834.702357	4.555416	1.837797	2.478737	81
2835.700475	5.308013	1.876986	2.827945	82
2836.737162	4.629455	1.890916	2.448261	83
2837.737647	5.252603	1.878837	2.795667	84
2838.774287	4.669428	1.876740	2.488053	85
2839.774694	5.336772	1.879691	2.839175	86
2840.810129	4.668536	1.877217	2.486945	87
2841.809278	5.282068	1.865856	2.830909	88
2842.843427	4.850104	1.887482	2.569617	89
2843.848200	5.156628	1.848582	2.789504	90
2844.878375	4.749943	1.855603	2.559784	91
2845.883043	5.243202	1.882024	2.785938	92
2846.913820	4.782529	1.869878	2.557669	93
2847.918701	5.195144	1.860890	2.791753	94
2848.948143	4.734942	1.863115	2.541411	95
2849.954224	5.064655	1.810121	2.797966	96
2850.983383	4.816423	1.885581	2.554345	97
2851.987468	5.207412	1.832643	2.841476	98
2853.020097	4.764291	1.868876	2.549282	99
2854.023737	5.375863	1.872323	2.871226	100
2855.054582	4.807515	1.871666	2.568576	101
2856.056636	5.234955	1.840245	2.844705	102
2857.091146	4.862302	1.863882	2.608696	103
2858.089869	5.258257	1.832134	2.870018	104
2859.125231	4.898922	1.878389	2.608044	105
2860.126936	5.302992	1.862705	2.846931	106
2861.159601	4.896344	1.876768	2.608924	107
2862.159479	5.586724	1.881294	2.969618	108
2863.195935	4.759863	1.830395	2.600456	109
2864.192549	5.516209	1.880243	2.933774	110
2865.238245	4.958600	1.874839	2.644814	111
2866.226923	5.456172	1.884230	2.895703	112
2867.265219	4.899057	1.871076	2.618310	113
2868.262723	5.244952	1.866741	2.809685	114
2869.302325	4.882306	1.796831	2.717176	115
2870.300501	5.235731	1.883810	2.779331	116
2871.344645	5.148244	1.862020	2.764872	117
2872.339084	5.178833	1.845405	2.806340	118
2873.371385	5.179164	1.851955	2.796593	119
2874.375659	5.248197	1.865512	2.813275	120
2875.405106	5.146137	1.841810	2.794065	121
2876.411505	5.046484	1.804344	2.796852	122
2877.439502	5.262146	1.879949	2.799090	123
2878.445992	5.291918	1.880298	2.814404	124
2879.473208	5.304709	1.886254	2.812299	125
2880.481548	5.258527	1.873179	2.807274	126
2881.508513	5.225705	1.864007	2.803480	127
2882.517261	5.375542	1.885741	2.850627	128
2883.542792	5.273533	1.881782	2.802414	129
2884.553295	5.400264	1.873334	2.882702	130
2885.578828	5.265879	1.877463	2.804785	131
2886.587648	5.417994	1.876451	2.887363	132
2887.614995	5.259546	1.879527	2.798335	133
2888.622226	5.449014	1.884096	2.892110	134
2889.651478	5.273665	1.863959	2.829282	135
2890.656855	5.429859	1.866628	2.908913	136
2891.695606	5.339338	1.876577	2.845254	137
2892.690956	5.408739	1.877267	2.881177	138
