time (s)	theta (A)	maj axis/z0	min axis/z0	crossing#mod 255
4250.038870	332.525635	-0.680170	-0.293589	63
4252.071482	332.248138	-0.681108	-0.292333	65
4254.109848	332.178314	-0.681924	-0.291730	67
4256.149467	332.269867	-0.682260	-0.289655	69
4258.187526	332.051086	-0.683044	-0.287949	71
4260.221779	331.490417	-0.684156	-0.286492	73
4262.256085	331.173218	-0.683813	-0.284934	75
4264.293449	331.236847	-0.685994	-0.284101	77
4266.332743	331.660828	-0.687188	-0.282777	79
4268.368280	332.053955	-0.688053	-0.281256	81
4270.400089	332.307526	-0.689516	-0.279841	83
4272.432266	332.495972	-0.690470	-0.278129	85
4274.465847	332.764496	-0.691325	-0.276648	87
4276.501320	332.992096	-0.692049	-0.275204	89
4278.537236	333.124481	-0.693847	-0.274461	91
4280.572682	333.227692	-0.694424	-0.273447	93
4282.610148	333.474121	-0.695917	-0.272404	95
4284.646467	333.651276	-0.696360	-0.270956	97
4286.682523	333.738342	-0.696774	-0.269142	99
4288.716232	333.589508	-0.698502	-0.268215	101
4290.752093	333.407257	-0.698938	-0.266675	103
4292.788773	333.371918	-0.698875	-0.264921	105
4294.828141	333.243225	-0.698813	-0.263744	107
4296.866193	333.343628	-0.697740	-0.262372	109
4298.903027	333.205963	-0.699170	-0.261580	111
4300.937130	333.187927	-0.701276	-0.260346	113
4302.971913	333.228485	-0.703780	-0.259107	115
4305.006507	333.381470	-0.704217	-0.257550	117
4307.042138	333.691895	-0.704344	-0.256217	119
4309.077811	334.026550	-0.704883	-0.254878	121
4311.112162	154.223923	0.705306	0.253536	123
4313.148252	154.305511	0.706448	0.252368	125
4315.182671	154.419754	0.706918	0.251368	127
4317.217592	154.426910	0.708285	0.249775	129
4319.252343	154.402969	0.708464	0.248430	131
4321.289806	154.490067	0.709001	0.246867	133
4323.326084	154.443130	0.710114	0.246233	135
4325.362175	154.230316	0.712261	0.245156	137
4327.397176	333.928680	-0.713558	-0.244082	139
4329.433436	333.722870	-0.714061	-0.242831	141
4331.469317	333.597534	-0.714146	-0.241722	143
4333.506132	333.674957	-0.715800	-0.240813	145
4335.542373	333.859070	-0.716530	-0.239169	147
4337.578478	154.095123	0.718475	0.238441	149
4339.613504	154.287369	0.720211	0.237043	151
4341.647045	154.533737	0.721291	0.235608	153
4343.680042	154.707642	0.722330	0.234047	155
4345.714543	154.895721	0.722666	0.232647	157
4347.750460	155.132309	0.723243	0.231339	159
4349.786377	155.392517	0.724189	0.229966	161
4351.822751	155.512863	0.724773	0.228457	163
4353.858608	155.566376	0.724956	0.226903	165
4355.894565	155.485611	0.725612	0.225544	167
4357.930278	155.413635	0.726416	0.224464	169
4359.966606	155.286377	0.726544	0.223624	171
4362.004328	155.217194	0.726195	0.222169	173
4364.041442	155.277084	0.726800	0.221217	175
4366.078900	155.289948	0.727602	0.220190	177
4368.114736	155.160553	0.728309	0.219225	179
4370.149840	155.131012	0.729583	0.217992	181
4372.184614	155.185059	0.731989	0.216904	183
4374.219924	155.219574	0.732147	0.215321	185
4376.255393	155.319931	0.731409	0.213957	187
4378.290442	155.439255	0.732184	0.213428	189
4380.325546	155.461365	0.733216	0.212996	191
4382.361049	155.596893	0.734107	0.211656	193
4384.396038	155.663376	0.735435	0.210555	195
4386.431412	155.722229	0.736023	0.209409	197
4388.467200	155.822647	0.736834	0.208508	199
4390.503183	155.719849	0.738318	0.207217	201
4392.538844	155.517166	0.739578	0.206171	203
4394.574694	155.431824	0.740225	0.205002	205
4396.610483	155.341385	0.740918	0.204047	207
4398.646623	155.310669	0.741590	0.202859	209
4400.682728	155.450638	0.742609	0.201841	211
4402.718838	335.568573	-0.743262	-0.200621	213
4404.754721	335.745575	-0.743629	-0.199350	215
4406.789340	155.933487	0.744663	0.198151	217
4408.823597	156.045898	0.745996	0.197365	219
4410.857520	156.223068	0.747060	0.196082	221
4412.892051	156.393936	0.747668	0.195062	223
4414.927942	156.457031	0.748137	0.193390	225
4416.963329	156.548645	0.748239	0.192341	227
4418.998784	336.627655	-0.748779	-0.191178	229
4421.034714	336.706909	-0.749391	-0.190070	231
4423.070858	156.673996	0.751121	0.189411	233
4425.106534	156.592331	0.751231	0.188571	235
4427.143305	156.616470	0.751941	0.187589	237
4429.180195	156.658356	0.751836	0.186716	239
4431.217458	156.632492	0.752112	0.186177	241
4433.253725	156.685684	0.752776	0.185305	243
4435.289454	156.648880	0.753548	0.184488	245
4437.325118	336.589447	-0.755343	-0.183589	247
4439.359801	156.565308	0.756410	0.182181	249
4441.394495	156.635437	0.757679	0.182021	251
4443.429925	156.590622	0.757501	0.181115	253
4445.465039	156.693726	0.757867	0.180151	255
4447.499888	156.841232	0.758266	0.179386	1
4449.535699	156.937317	0.758389	0.178473	3
4451.571289	156.827545	0.758371	0.177339	5
4453.606598	156.835800	0.758841	0.176444	7
4455.642869	156.831619	0.760299	0.175056	9
4457.678399	156.721817	0.760776	0.174453	11
4459.713729	156.712524	0.762080	0.173400	13
4461.750533	156.669434	0.763549	0.172239	15
4463.785909	156.706970	0.764448	0.171940	17
4465.822112	156.756989	0.765263	0.170707	19
4467.858166	156.972214	0.765864	0.169824	21
4469.893495	157.105240	0.766504	0.168722	23
4471.928655	157.227722	0.766783	0.167708	25
4473.963043	157.371811	0.766992	0.166592	27
4475.997437	157.520111	0.767941	0.165473	29
4478.032406	157.668213	0.768907	0.164658	31
4480.067385	157.769592	0.770300	0.163942	33
4482.103113	157.797882	0.769829	0.163332	35
4484.138720	157.905212	0.770382	0.162296	37
4486.174347	157.878036	0.770743	0.161314	39
4488.210220	157.877243	0.771305	0.160548	41
4490.246939	157.880661	0.771357	0.159334	43
4492.283262	157.835602	0.771520	0.158455	45
4494.319981	157.807190	0.771850	0.157393	47
4496.356653	157.858521	0.772456	0.156714	49
4498.392082	157.838196	0.773167	0.155774	51
4500.427923	157.853439	0.773983	0.154627	53
4502.462980	157.845734	0.774187	0.153325	55
4504.498182	157.876373	0.775032	0.151889	57
4506.533633	157.881821	0.776464	0.150977	59
4508.569170	157.941635	0.777381	0.150178	61
4510.604406	338.022705	-0.776984	-0.149510	63
4512.639893	338.004913	-0.778373	-0.148609	65
4514.675361	338.023773	-0.778441	-0.147667	67
4516.710538	338.077606	-0.778764	-0.147023	69
4518.746285	338.082520	-0.779668	-0.146449	71
4520.782264	158.141144	0.780122	0.145375	73
4522.818004	338.113922	-0.780394	-0.144485	75
4524.853842	158.081039	0.781379	0.143451	77
4526.889733	158.052048	0.782172	0.142736	79
4528.925342	338.128235	-0.781712	-0.142025	81
4530.961128	158.156296	0.782359	0.140627	83
4532.996486	158.281952	0.782520	0.139634	85
4535.031653	158.392059	0.782892	0.138544	87
4537.066566	158.493637	0.784107	0.137512	89
4539.101565	158.610458	0.784829	0.136845	91
4541.136048	158.697342	0.785896	0.135983	93
4543.171498	158.781693	0.786403	0.134811	95
4545.206516	158.853989	0.786710	0.134094	97
4547.242169	158.908981	0.788232	0.133374	99
4549.277841	158.868362	0.788858	0.132547	101
4551.313567	158.898666	0.789500	0.131568	103
4553.349027	158.916809	0.788937	0.130596	105
4555.385814	158.901855	0.787958	0.129505	107
4557.422068	158.925980	0.787338	0.128776	109
4559.458964	158.889313	0.787516	0.128492	111
4561.494881	158.933105	0.788749	0.127711	113
