time (s)	energy (uJ)	charge (mC)	voltage (mV)	crossing#mod 255
4250.294408	7.554564	3.399863	2.222020	63
4251.306471	7.300170	3.355798	2.175391	64
4252.326876	7.850096	3.401550	2.307800	65
4253.340716	7.709702	3.413130	2.258837	66
4254.366294	7.958169	3.347500	2.377347	67
4255.377265	7.718259	3.421005	2.256138	68
4256.406015	7.834956	3.394295	2.308272	69
4257.413024	7.504241	3.409564	2.200939	70
4258.443501	7.419847	3.414819	2.172837	71
4259.446302	7.357502	3.407599	2.159146	72
4260.486300	7.571588	3.412297	2.218913	73
4261.477382	7.546877	3.410387	2.212909	74
4262.511522	7.567575	3.404584	2.222760	75
4263.512452	7.376643	3.338471	2.209587	76
4264.549420	7.667811	3.420755	2.241555	77
4265.550092	7.459095	3.415806	2.183700	78
4266.589576	7.589214	3.420296	2.218876	79
4267.587844	7.499459	3.377718	2.220274	80
4268.624228	7.374447	3.416780	2.158303	81
4269.625106	7.383170	3.365204	2.193974	82
4270.655718	7.547082	3.424893	2.203596	83
4271.660513	7.649484	3.404058	2.247166	84
4272.687912	7.762277	3.392632	2.287981	85
4273.697478	7.614802	3.370608	2.259177	86
4274.721694	7.839435	3.349677	2.340356	87
4275.734255	7.582213	3.361242	2.255777	88
4276.757009	8.054672	3.381827	2.381752	89
4277.770879	7.742712	3.403771	2.274745	90
4278.793238	7.897478	3.371619	2.342340	91
4279.806155	7.790769	3.424710	2.274870	92
4280.828229	8.052377	3.420970	2.353829	93
4281.843371	7.666043	3.401763	2.253550	94
4282.866086	7.733081	3.361038	2.300801	95
4283.879711	7.438263	3.354306	2.217527	96
4284.903033	7.836758	3.367432	2.327221	97
4285.916766	7.524733	3.400441	2.212870	98
4286.938052	7.953835	3.411568	2.331431	99
4287.950648	7.614964	3.409623	2.233374	100
4288.971874	8.147116	3.386361	2.405862	101
4289.984588	7.704981	3.411083	2.258808	102
4291.007899	8.202981	3.412777	2.403609	103
4292.020508	7.950175	3.419980	2.324626	104
4293.044817	7.916760	3.411844	2.320376	105
4294.056026	7.941066	3.340671	2.377087	106
4295.084810	7.702936	3.409889	2.258999	107
4296.090172	8.024940	3.410138	2.353260	108
4297.122000	7.805559	3.410683	2.288562	109
4298.126258	8.089973	3.411524	2.371367	110
4299.159163	8.040281	3.418879	2.351730	111
4300.159103	8.029500	3.405056	2.358111	112
4301.193081	8.233497	3.410899	2.413879	113
4302.195730	7.897713	3.402323	2.321271	114
4303.227784	8.102636	3.380402	2.396945	115
4304.231494	7.846679	3.395669	2.310790	116
4305.262780	8.077544	3.406428	2.371265	117
4306.268937	7.853670	3.418726	2.297250	118
4307.297766	8.009305	3.405377	2.351958	119
4308.306499	7.814289	3.402650	2.296530	120
4309.334059	7.872969	3.410264	2.308610	121
4310.343426	7.587920	3.389723	2.238508	122
4311.368032	8.035291	3.406726	2.358655	123
4312.379011	7.793872	3.417225	2.280761	124
4313.404701	7.965212	3.415966	2.331760	125
4314.415017	7.727384	3.415399	2.262513	126
4315.438629	8.206381	3.413508	2.404090	127
4316.450987	7.794742	3.401300	2.291695	128
4317.473314	8.307688	3.400744	2.442903	129
4318.485387	8.007097	3.413321	2.345838	130
4319.507831	8.585388	3.413506	2.515123	131
4320.530062	8.312776	3.412914	2.435683	132
4321.546413	8.154540	3.403359	2.396027	133
4322.557383	8.024400	3.411238	2.352343	134
4323.582282	8.139215	3.378662	2.409005	135
4324.591824	7.993577	3.389370	2.358426	136
4325.617770	8.265037	3.413338	2.421394	137
4326.624852	8.156072	3.412800	2.389848	138
4327.653845	8.329025	3.420085	2.435327	139
4328.659801	8.116235	3.398284	2.388334	140
4329.689596	8.427994	3.392690	2.484163	141
4330.693502	8.332768	3.417388	2.438344	142
4331.726130	8.372734	3.420968	2.447475	143
4332.728975	8.191906	3.393625	2.413910	144
4333.762127	8.336607	3.398618	2.452940	145
4334.764744	8.201156	3.385190	2.422658	146
4335.798301	8.383047	3.395796	2.468655	147
4336.801743	8.467508	3.414575	2.479813	148
4337.834767	8.333174	3.396824	2.453225	149
4338.836952	8.575056	3.396801	2.524450	150
4339.869604	8.386392	3.409459	2.459743	151
4340.874357	8.329872	3.379868	2.464556	152
4341.902740	8.322993	3.413973	2.437920	153
4342.911249	8.355578	3.413767	2.447613	154
4343.935751	8.547750	3.419437	2.499754	155
4344.946316	8.324091	3.364945	2.473767	156
4345.969988	8.478906	3.362780	2.521398	157
4346.983326	8.396562	3.407012	2.464494	158
4348.006672	8.556715	3.378378	2.532788	159
4349.021748	8.338062	3.411413	2.444166	160
4350.042003	8.444822	3.406940	2.478712	161
4351.066305	8.476800	3.397661	2.494893	162
4352.079035	8.533569	3.411566	2.501364	163
4353.094093	8.281229	3.405011	2.432072	164
4354.114455	8.579155	3.404240	2.520138	165
4355.128648	8.532362	3.417195	2.496891	166
4356.151096	8.702950	3.423639	2.542018	167
4357.172452	8.694263	3.409618	2.549923	168
4358.186632	8.568938	3.396903	2.522574	169
4359.198616	8.356337	3.374971	2.475973	170
4360.222116	8.631448	3.404307	2.535450	171
4361.233205	8.413440	3.427471	2.454708	172
4362.260916	8.303201	3.398263	2.443366	173
4363.268600	8.391953	3.411138	2.460162	174
4364.297102	8.430820	3.414131	2.469390	175
4365.304547	8.500909	3.411608	2.491760	176
4366.335439	8.393789	3.412479	2.459734	177
4367.339002	8.217786	3.368485	2.439609	178
4368.370777	8.593970	3.394038	2.532078	179
4369.373045	8.437131	3.408492	2.475327	180
4370.405533	8.795562	3.428630	2.565329	181
4371.409048	8.340134	3.413024	2.443620	182
4372.440648	8.599354	3.363473	2.556689	183
4373.444356	8.500767	3.412005	2.491428	184
4374.475686	8.773244	3.410054	2.572758	185
4375.480547	8.535974	3.404742	2.507084	186
4376.511988	8.578564	3.409068	2.516396	187
4377.517173	8.318332	3.404396	2.443409	188
4378.546323	8.518759	3.372316	2.526086	189
4379.553805	8.270077	3.408695	2.426171	190
4380.582102	8.503546	3.412488	2.491890	191
4381.589364	8.273026	3.409535	2.426438	192
4382.616781	8.681684	3.413974	2.542985	193
4383.625588	8.313197	3.417665	2.432420	194
4384.651986	8.687448	3.398293	2.556415	195
4385.660972	8.472383	3.424289	2.474202	196
4386.687747	8.711080	3.428332	2.540909	197
4387.696646	8.551403	3.404720	2.511632	198
4388.723156	8.668392	3.411974	2.540580	199
4389.732211	8.443025	3.382970	2.495743	200
4390.758910	8.656033	3.366722	2.571056	201
4391.766554	8.532143	3.393830	2.514016	202
4392.794806	8.559899	3.408664	2.511218	203
4393.801062	8.654292	3.417343	2.532462	204
4394.830082	8.760634	3.421118	2.560751	205
4395.835655	8.698533	3.410522	2.550499	206
4396.865979	8.845321	3.417627	2.588147	207
4397.870449	8.804475	3.413283	2.579474	208
4398.902754	8.933709	3.415859	2.615363	209
4399.905976	8.833242	3.412421	2.588556	210
4400.939301	8.934817	3.412949	2.617917	211
4401.941768	8.599531	3.400250	2.529088	212
4402.974758	8.747938	3.373700	2.592980	213
4403.977661	8.553556	3.380030	2.530615	214
4405.011246	8.499530	3.373564	2.519451	215
4406.013908	8.560252	3.355971	2.550753	216
4407.054036	8.922551	3.393470	2.629330	217
4408.050994	8.822780	3.395358	2.598483	218
4409.079285	8.722375	3.422312	2.548679	219
4410.086886	8.762673	3.354829	2.611959	220
4411.113234	8.589165	3.368620	2.549758	221
4412.123353	8.738412	3.371858	2.591572	222
4413.147964	8.691498	3.424732	2.537862	223
4414.159780	8.648062	3.367515	2.568084	224
4415.184220	8.684047	3.408498	2.547764	225
4416.195171	8.707106	3.407690	2.555135	226
4417.219484	8.654657	3.401227	2.544569	227
4418.231525	8.661186	3.418861	2.533355	228
4419.263665	9.180786	3.418039	2.685980	229
4420.267489	8.633080	3.419324	2.524792	230
4421.299889	9.161040	3.408725	2.687527	231
4422.302972	8.653261	3.396573	2.547645	232
4423.326926	9.024568	3.404936	2.650437	233
4424.337709	8.922523	3.412177	2.614907	234
4425.362715	8.873170	3.404181	2.606551	235
4426.372983	8.811751	3.380098	2.606952	236
4427.398957	8.590030	3.359371	2.557035	237
4428.410003	8.749043	3.423501	2.555584	238
4429.436284	8.643763	3.418627	2.528431	239
4430.444196	8.764182	3.412795	2.568037	240
4431.473928	8.666384	3.412087	2.539907	241
4432.479461	8.781956	3.402459	2.581062	242
4433.509737	8.895080	3.417070	2.603131	243
4434.514293	8.548046	3.334605	2.563436	244
4435.545013	8.993843	3.408821	2.638403	245
4436.548970	8.715410	3.422606	2.546426	246
4437.581458	8.936398	3.417062	2.615228	247
4438.584032	8.633173	3.369146	2.562422	248
4439.615599	8.969512	3.418093	2.624127	249
4440.619806	8.684902	3.402704	2.552353	250
4441.650352	8.843919	3.389446	2.609253	251
4442.655791	8.692005	3.411841	2.547600	252
4443.686132	8.852742	3.420865	2.587866	253
4444.692587	8.780129	3.413837	2.571924	254
4445.721048	8.849221	3.415240	2.591098	255
4446.727750	8.782795	3.414193	2.572436	0
4447.756101	8.585217	3.372886	2.545362	1
4448.773279	9.001497	3.407248	2.641867	2
4449.791607	8.851912	3.423121	2.585919	3
4450.799993	8.593878	3.383148	2.540202	4
4451.827207	8.855902	3.408454	2.598217	5
4452.834235	8.667586	3.395864	2.552395	6
4453.862274	8.948813	3.407291	2.626372	7
4454.879453	9.077123	3.419715	2.654351	8
4455.898934	8.920609	3.400918	2.623000	9
4456.905176	8.669540	3.380885	2.564282	10
4457.934126	8.818299	3.402754	2.591519	11
4458.939656	8.875944	3.399251	2.611147	12
4459.978954	9.193048	3.418738	2.689018	13
4460.975672	8.941234	3.406773	2.624547	14
4462.006372	8.859491	3.404558	2.602244	15
4463.019189	9.226443	3.419123	2.698482	16
4464.041993	9.035653	3.398657	2.658595	17
4465.045155	8.991929	3.401192	2.643758	18
4466.078137	8.958604	3.368260	2.659713	19
4467.081918	8.824543	3.415573	2.583620	20
4468.114543	8.893934	3.363786	2.644025	21
4469.117888	8.643879	3.340714	2.587435	22
4470.149637	8.904683	3.422997	2.601429	23
4471.154795	8.787906	3.395583	2.588040	24
4472.184712	8.658758	3.351727	2.583373	25
4473.190216	8.965535	3.405478	2.632680	26
4474.218929	8.770944	3.426192	2.559969	27
4475.226453	8.908338	3.397641	2.621919	28
4476.253160	8.751966	3.405507	2.569945	29
4477.263011	8.911676	3.393294	2.626261	30
4478.288349	8.856158	3.434669	2.578460	31
4479.299308	8.874328	3.421495	2.593699	32
4480.323413	8.960639	3.419688	2.620309	33
4481.334871	8.859158	3.416759	2.592854	34
4482.358911	8.912433	3.404423	2.617898	35
4483.370628	8.928931	3.427096	2.605393	36
4484.394521	9.063535	3.412776	2.655766	37
4485.407033	8.840724	3.394946	2.604084	38
4486.430193	8.996117	3.426080	2.625776	39
4487.442043	8.998181	3.417558	2.632927	40
4488.465771	8.872351	3.376486	2.627688	41
4489.477470	9.087586	3.420849	2.656530	42
4490.503350	8.752599	3.386384	2.584645	43
4491.512953	8.826525	3.397844	2.597684	44
4492.539273	8.807504	3.388811	2.598995	45
4493.547430	8.873333	3.415360	2.598067	46
4494.576087	8.781883	3.382253	2.596460	47
4495.582609	8.784737	3.410460	2.575822	48
4496.612733	8.833246	3.399863	2.598118	49
4497.617851	8.688024	3.374809	2.574375	50
4498.647868	8.814554	3.359241	2.623972	51
4499.652877	8.740894	3.407085	2.565506	52
4500.683913	8.963245	3.407404	2.630520	53
4501.688300	8.860210	3.412583	2.596336	54
4502.718906	8.914355	3.409943	2.614224	55
4503.723647	8.954424	3.422619	2.616249	56
4504.754014	8.763181	3.342244	2.621945	57
4505.759548	8.903847	3.412062	2.609521	58
4506.789679	8.883766	3.393345	2.617996	59
4507.795032	9.003766	3.416575	2.635319	60
4508.834023	9.409348	3.424706	2.747491	61
4509.831620	8.859900	3.414872	2.594504	62
4510.860927	8.773420	3.385916	2.591151	63
4511.867570	8.659308	3.374032	2.566457	64
4512.896072	8.948972	3.406625	2.626932	65
4513.902395	8.913034	3.420015	2.606139	66
4514.931631	8.994054	3.411985	2.636018	67
4515.937937	8.821447	3.417003	2.581633	68
4516.966350	8.883949	3.367166	2.638406	69
4517.973470	8.792560	3.398787	2.586970	70
4519.002475	8.804008	3.374075	2.609311	71
4520.009250	8.936117	3.399191	2.628896	72
4521.038101	8.912448	3.411442	2.612516	73
4522.044685	8.896312	3.406199	2.611801	74
4523.073866	8.882719	3.405582	2.608282	75
4524.079693	9.011001	3.409182	2.643157	76
4525.109746	8.949787	3.397633	2.634124	77
4526.115015	8.994858	3.414848	2.634043	78
4527.146139	8.978205	3.401558	2.639439	79
4528.158945	9.409059	3.415696	2.754654	80
4529.181157	9.182810	3.412303	2.691089	81
4530.185709	8.847041	3.378847	2.618361	82
4531.217092	9.148529	3.417859	2.676684	83
4532.221227	8.988568	3.411120	2.635078	84
4533.252182	8.840864	3.352221	2.637316	85
4534.257969	8.657097	3.374953	2.565102	86
4535.287499	8.954676	3.402943	2.631450	87
4536.293219	8.946005	3.402475	2.629264	88
4537.322440	8.816381	3.414984	2.581676	89
4538.329883	9.063160	3.424366	2.646668	90
4539.357478	8.769712	3.361141	2.609147	91
4540.366493	9.065467	3.429526	2.643358	92
4541.391730	8.814192	3.412577	2.582855	93
4542.402435	8.906670	3.419253	2.604859	94
4543.427403	8.900389	3.415098	2.606189	95
4544.437912	8.868343	3.414352	2.597372	96
4545.462443	8.916848	3.410802	2.614297	97
4546.474162	8.749562	3.400367	2.573123	98
4547.498055	9.054011	3.419890	2.647457	99
4548.509280	8.909396	3.405508	2.616173	100
4549.533512	8.827019	3.362812	2.624892	101
4550.553772	9.351549	3.418191	2.735818	102
4551.569330	8.852362	3.367860	2.628483	103
4552.589505	9.300425	3.399847	2.735542	104
4553.604864	8.848572	3.414935	2.591140	105
4554.615092	9.046602	3.412544	2.650985	106
4555.642091	8.803819	3.408694	2.582754	107
4556.650901	8.896934	3.416101	2.604412	108
4557.677820	8.797456	3.408641	2.580928	109
4558.686295	8.768812	3.406085	2.574455	110
4559.714847	9.005570	3.425181	2.629225	111
4560.721062	8.667844	3.399607	2.549660	112
4561.750968	8.827084	3.388415	2.605077	113
