time (s)	theta (A)	maj axis/z0	min axis/z0	crossing#mod 255
8127.056641	156.715775	-0.652751	0.172453	145
8129.094193	156.989395	-0.654634	0.170985	147
8131.132148	337.104767	0.657066	-0.169508	149
8133.168923	337.326385	0.659073	-0.169782	151
8135.204933	337.283813	0.661029	-0.169812	153
8137.240548	337.230469	0.661370	-0.169685	155
8139.277182	337.037384	0.662006	-0.169023	157
8141.314084	336.747894	0.662454	-0.167867	159
8143.349770	336.544983	0.663469	-0.167265	161
8145.386037	336.618103	0.665280	-0.166506	163
8147.420896	336.749207	0.667405	-0.165881	165
8149.456780	336.850983	0.669004	-0.164751	167
8151.493745	336.560150	0.670171	-0.162544	169
8153.528266	336.204407	0.671384	-0.161204	171
8155.562749	335.873291	0.672025	-0.160353	173
8157.595447	335.712189	0.672043	-0.160393	175
8159.630591	335.395325	0.673826	-0.159631	177
8161.665400	335.206177	0.674511	-0.158982	179
8163.701869	335.207855	0.675429	-0.158469	181
8165.740938	335.369476	0.678148	-0.158230	183
8167.777662	335.439606	0.678900	-0.158275	185
8169.813822	335.600891	0.680153	-0.158018	187
8171.849400	335.868591	0.681575	-0.157439	189
8173.884915	336.027405	0.683088	-0.156934	191
8175.920141	336.179382	0.685098	-0.156237	193
8177.955208	336.168823	0.686530	-0.155862	195
8179.992106	336.065308	0.687927	-0.155152	197
8182.026493	335.781311	0.688045	-0.154621	199
8184.062299	335.596008	0.689569	-0.153767	201
8186.097256	335.575165	0.691250	-0.153441	203
8188.129611	335.427795	0.692369	-0.152791	205
8190.164894	335.360107	0.693300	-0.151675	207
8192.199375	335.354431	0.693141	-0.151131	209
8194.234880	335.314270	0.692973	-0.151027	211
8196.270324	335.238922	0.694687	-0.150549	213
8198.307373	335.242737	0.696913	-0.149789	215
8200.345399	335.293457	0.699844	-0.149700	217
8202.382914	335.520477	0.703436	-0.149181	219
8204.419236	335.831757	0.704638	-0.149013	221
8206.453939	335.844940	0.705559	-0.148756	223
8208.490588	335.802124	0.705788	-0.148083	225
8210.526617	335.672333	0.706208	-0.147663	227
8212.563094	335.522400	0.706970	-0.146933	229
8214.599526	335.454376	0.707447	-0.146456	231
8216.634844	335.476013	0.708543	-0.146059	233
8218.670226	335.390808	0.710070	-0.145470	235
8220.705474	335.244751	0.711733	-0.144920	237
8222.740580	335.054230	0.712336	-0.144295	239
8224.774885	334.675995	0.713643	-0.143527	241
8226.808428	334.524933	0.714986	-0.142896	243
8228.843188	334.376221	0.717246	-0.142886	245
8230.879531	334.274414	0.718631	-0.142079	247
8232.916487	334.138397	0.719990	-0.142019	249
8234.953005	334.107361	0.720517	-0.141482	251
8236.989065	334.155365	0.721703	-0.140777	253
8239.025216	334.273193	0.722901	-0.140566	255
8241.060677	334.401276	0.723861	-0.140265	1
8243.097241	334.463501	0.724685	-0.139890	3
8245.132549	334.464569	0.726102	-0.139629	5
8247.167999	334.410950	0.727222	-0.139394	7
8249.203036	334.362885	0.728422	-0.138791	9
8251.238871	334.310364	0.730684	-0.138426	11
8253.273180	334.247345	0.732458	-0.138280	13
8255.307810	334.123138	0.733845	-0.137539	15
8257.342446	334.213409	0.734490	-0.137203	17
8259.377500	334.220703	0.734409	-0.136590	19
8261.413378	334.143250	0.735051	-0.136392	21
8263.449534	334.073883	0.736382	-0.135964	23
8265.486309	334.027649	0.738868	-0.135864	25
8267.523566	334.086395	0.741555	-0.135334	27
8269.560621	334.158813	0.744095	-0.135159	29
8271.596450	334.238007	0.745889	-0.134832	31
8273.632795	334.332245	0.747208	-0.134471	33
8275.668337	334.361572	0.747726	-0.134047	35
8277.704919	334.285522	0.748495	-0.133867	37
8279.740878	334.246674	0.749305	-0.133320	39
8281.776312	334.178223	0.750205	-0.132524	41
8283.812811	334.048096	0.751640	-0.132623	43
8285.847970	333.848114	0.752824	-0.132069	45
8287.882432	333.734924	0.753857	-0.132044	47
8289.917843	333.491516	0.754447	-0.131801	49
8291.951516	333.339844	0.755213	-0.131394	51
8293.986597	333.167542	0.756218	-0.130909	53
8296.021531	333.122375	0.757051	-0.130154	55
8298.057784	333.048981	0.758851	-0.129854	57
8300.093867	332.967377	0.759950	-0.129501	59
8302.129897	332.887726	0.761291	-0.129155	61
8304.166377	332.925781	0.762886	-0.128984	63
8306.202175	332.928406	0.764859	-0.128646	65
8308.238420	332.945831	0.767636	-0.128222	67
8310.273773	332.940552	0.769248	-0.127723	69
8312.310175	332.885437	0.770434	-0.126685	71
8314.345490	332.753876	0.771587	-0.125990	73
8316.380431	332.736053	0.773200	-0.125542	75
8318.415830	332.807068	0.774957	-0.124610	77
8320.450792	332.883240	0.775600	-0.123693	79
8322.485803	332.936981	0.775679	-0.122521	81
8324.520468	332.918671	0.775993	-0.122895	83
8326.557619	333.074799	0.777892	-0.123334	85
8328.591776	332.848633	0.780290	-0.122272	87
8330.628711	332.679504	0.779664	-0.120584	89
8332.665922	332.704529	0.781073	-0.120435	91
8334.702540	332.774445	0.783565	-0.120206	93
8336.738809	332.849976	0.785047	-0.120037	95
8338.774812	332.896027	0.787351	-0.119389	97
8340.811014	332.820587	0.788612	-0.119181	99
8342.846964	332.863007	0.790572	-0.119074	101
8344.883229	332.788239	0.792529	-0.119040	103
8346.918720	332.678467	0.793735	-0.117453	105
8348.954363	332.570007	0.794267	-0.117268	107
8350.989475	332.406677	0.795483	-0.116930	109
8353.024696	332.223328	0.795785	-0.116685	111
8355.058966	332.126007	0.796861	-0.116571	113
8357.094074	332.149323	0.796938	-0.115981	115
8359.128901	332.109436	0.796938	-0.114352	117
8361.164467	332.033325	0.797764	-0.114033	119
8363.200170	331.961609	0.798686	-0.113937	121
8365.235874	331.929504	0.799383	-0.113647	123
8367.271629	331.912109	0.799769	-0.113569	125
8369.308017	331.796265	0.800831	-0.113501	127
8371.343952	331.753235	0.802139	-0.113012	129
8373.379727	331.781403	0.803420	-0.113130	131
8375.415176	331.782379	0.804994	-0.112842	133
8377.451264	331.746796	0.806714	-0.112444	135
8379.486223	331.672546	0.808025	-0.111658	137
8381.521471	331.704193	0.808692	-0.110711	139
8383.556769	331.708160	0.808943	-0.109917	141
8385.592044	331.741119	0.809803	-0.109074	143
8387.627661	331.679291	0.810034	-0.108385	145
8389.663351	331.600067	0.810471	-0.107781	147
8391.699564	331.556122	0.812029	-0.107623	149
8393.737128	331.494873	0.813028	-0.107094	151
8395.773009	331.475098	0.814305	-0.106314	153
8397.809800	331.579346	0.815241	-0.106436	155
8399.847139	331.696838	0.816695	-0.106756	157
8401.882149	331.587250	0.818880	-0.106419	159
8403.918634	331.633881	0.819565	-0.106177	161
8405.954229	331.666718	0.819834	-0.106179	163
8407.989965	331.664551	0.821491	-0.105195	165
8410.024987	331.496246	0.821095	-0.105274	167
8412.060790	331.489807	0.822602	-0.104871	169
8414.095916	331.308655	0.823097	-0.104924	171
8416.130865	331.186096	0.823527	-0.104430	173
8418.165282	331.059540	0.824412	-0.104137	175
8420.200228	331.091553	0.824992	-0.102930	177
8422.235446	330.981049	0.826570	-0.100696	179
8424.271024	331.040680	0.824751	-0.100513	181
8426.307990	331.052917	0.827528	-0.099243	183
8428.344391	330.874634	0.828533	-0.099457	185
8430.380868	330.904633	0.830324	-0.098880	187
8432.417276	330.694366	0.832758	-0.098710	189
